1 0.9387019230769231 0.5135593220338983 0.11298076923076923 0.36610169491525424
1 0.5588942307692307 0.5203389830508475 0.09134615384615384 0.2677966101694915
1 0.38341346153846156 0.5271186440677966 0.057692307692307696 0.2847457627118644
1 0.6237980769230769 0.5067796610169492 0.08653846153846154 0.2542372881355932
1 0.6790865384615384 0.5050847457627119 0.055288461538461536 0.23389830508474577
1 0.7860576923076923 0.48983050847457626 0.04567307692307692 0.22372881355932203
1 0.7536057692307693 0.42542372881355933 0.021634615384615384 0.09491525423728814
1 0.453125 0.5271186440677966 0.04807692307692308 0.2440677966101695
1 0.06971153846153846 0.5745762711864407 0.0625 0.288135593220339
1 0.1346153846153846 0.5677966101694916 0.08413461538461539 0.29491525423728815
1 0.8413461538461539 0.47796610169491527 0.03365384615384615 0.21694915254237288
1 0.9194711538461539 0.4610169491525424 0.05048076923076923 0.2271186440677966