1 0.5899280575539568 0.7824519230769231 0.15827338129496402 0.16826923076923078
1 0.697841726618705 0.7295673076923077 0.1474820143884892 0.14903846153846154
1 0.7140287769784173 0.6586538461538461 0.08633093525179857 0.06009615384615385
1 0.2392086330935252 0.8052884615384616 0.19424460431654678 0.1778846153846154
1 0.06654676258992806 0.7355769230769231 0.13309352517985612 0.16346153846153846
1 0.3723021582733813 0.7067307692307693 0.15827338129496402 0.15625
1 0.21223021582733814 0.4735576923076923 0.09712230215827339 0.05048076923076923
1 0.5251798561151079 0.46875 0.1223021582733813 0.12740384615384615
1 0.7482014388489209 0.44591346153846156 0.06474820143884892 0.038461538461538464
1 0.5467625899280576 0.38341346153846156 0.08273381294964029 0.040865384615384616
1 0.43345323741007197 0.5769230769230769 0.08992805755395683 0.06009615384615385
1 0.8723021582733813 0.5817307692307693 0.09352517985611511 0.05048076923076923