1 0.6474820143884892 0.7716346153846154 0.12589928057553956 0.15865384615384615
1 0.7446043165467626 0.7091346153846154 0.11870503597122302 0.13942307692307693
1 0.7446043165467626 0.6370192307692307 0.07553956834532374 0.052884615384615384
1 0.3057553956834532 0.8269230769230769 0.1618705035971223 0.16346153846153846
1 0.1079136690647482 0.7740384615384616 0.1223021582733813 0.15144230769230768
1 0.4172661870503597 0.7163461538461539 0.12949640287769784 0.1466346153846154
1 0.20863309352517986 0.5 0.08992805755395683 0.04326923076923077
1 0.5179856115107914 0.46634615384615385 0.09712230215827339 0.1201923076923077
1 0.7338129496402878 0.4230769230769231 0.05755395683453238 0.03365384615384615
1 0.5215827338129496 0.3798076923076923 0.07553956834532374 0.03365384615384615
1 0.44964028776978415 0.5817307692307693 0.07913669064748201 0.052884615384615384
1 0.8848920863309353 0.5456730769230769 0.08633093525179857 0.04326923076923077