1 0.0625 0.5540540540540541 0.09615384615384616 0.3547297297297297
1 0.4423076923076923 0.5236486486486487 0.07932692307692307 0.26013513513513514
1 0.6177884615384616 0.5135135135135135 0.04326923076923077 0.28040540540540543
1 0.37740384615384615 0.5168918918918919 0.07451923076923077 0.24662162162162163
1 0.32211538461538464 0.5202702702702703 0.04326923076923077 0.22972972972972974
1 0.21394230769230768 0.5168918918918919 0.03365384615384615 0.2195945945945946
1 0.24278846153846154 0.44932432432432434 0.016826923076923076 0.0945945945945946
1 0.5480769230769231 0.5202702702702703 0.036057692307692304 0.23986486486486486
1 0.9326923076923077 0.5304054054054054 0.04807692307692308 0.28378378378378377
1 0.8677884615384616 0.5304054054054054 0.06971153846153846 0.28716216216216217
1 0.15865384615384615 0.5101351351351351 0.02403846153846154 0.21283783783783783
1 0.07932692307692307 0.5 0.038461538461538464 0.22297297297297297