1 0.9038461538461539 0.6241007194244604 0.1875 0.5359712230215827
1 0.140625 0.7392086330935251 0.2668269230769231 0.5
1 0.21875 0.6330935251798561 0.16105769230769232 0.34172661870503596
1 0.25961538461538464 0.6151079136690647 0.125 0.3129496402877698
1 0.37740384615384615 0.5143884892086331 0.17548076923076922 0.33093525179856115
1 0.29927884615384615 0.4694244604316547 0.07932692307692307 0.22661870503597123
1 0.3954326923076923 0.39568345323741005 0.07211538461538461 0.22661870503597123
1 0.4387019230769231 0.38848920863309355 0.055288461538461536 0.1906474820143885
1 0.47115384615384615 0.37949640287769787 0.08173076923076923 0.15467625899280577
1 0.5276442307692307 0.37949640287769787 0.055288461538461536 0.12949640287769784
1 0.5865384615384616 0.36330935251798563 0.09134615384615384 0.20503597122302158
1 0.6574519230769231 0.39928057553956836 0.07451923076923077 0.2446043165467626
1 0.7019230769230769 0.41007194244604317 0.0673076923076923 0.2697841726618705
1 0.7536057692307693 0.3920863309352518 0.11778846153846154 0.3489208633093525
1 0.8461538461538461 0.4676258992805755 0.17307692307692307 0.3345323741007194
1 0.9435096153846154 0.2446043165467626 0.08653846153846154 0.24820143884892087