1 0.4723557692307692 0.5305755395683454 0.04567307692307692 0.1510791366906475
1 0.7259615384615384 0.5863309352517986 0.04326923076923077 0.15827338129496402
1 0.8858173076923077 0.6996402877697842 0.0625 0.17985611510791366
1 0.8401442307692307 0.6097122302158273 0.040865384615384616 0.08633093525179857
1 0.43028846153846156 0.4910071942446043 0.03125 0.13309352517985612
1 0.36538461538461536 0.49280575539568344 0.026442307692307692 0.1079136690647482
1 0.6346153846153846 0.49280575539568344 0.026442307692307692 0.10071942446043165
1 0.2764423076923077 0.4784172661870504 0.040865384615384616 0.08992805755395683
1 0.9411057692307693 0.6205035971223022 0.03125 0.09352517985611511
1 0.8221153846153846 0.5827338129496403 0.038461538461538464 0.14388489208633093
1 0.9194711538461539 0.5575539568345323 0.02403846153846154 0.14028776978417265
1 0.890625 0.552158273381295 0.036057692307692304 0.11510791366906475
1 0.8569711538461539 0.5323741007194245 0.026442307692307692 0.07553956834532374