1 0.7086330935251799 0.7524038461538461 0.1618705035971223 0.17067307692307693
1 0.7913669064748201 0.6802884615384616 0.1510791366906475 0.14903846153846154
1 0.7733812949640287 0.609375 0.08633093525179857 0.06009615384615385
1 0.38489208633093525 0.8425480769230769 0.19784172661870503 0.1778846153846154
1 0.17625899280575538 0.8112980769230769 0.15467625899280577 0.16346153846153846
1 0.4694244604316547 0.7223557692307693 0.1618705035971223 0.15865384615384615
1 0.21223021582733814 0.5300480769230769 0.10071942446043165 0.052884615384615384
1 0.5089928057553957 0.4651442307692308 0.1223021582733813 0.12980769230769232
1 0.7122302158273381 0.39903846153846156 0.06474820143884892 0.038461538461538464
1 0.49280575539568344 0.3786057692307692 0.08273381294964029 0.040865384615384616
1 0.4694244604316547 0.5853365384615384 0.08992805755395683 0.06009615384615385
1 0.8902877697841727 0.5048076923076923 0.09712230215827339 0.052884615384615384