1 0.07451923076923077 0.6503378378378378 0.1346153846153846 0.3716216216216216
1 0.44591346153846156 0.535472972972973 0.10817307692307693 0.27364864864864863
1 0.6177884615384616 0.48817567567567566 0.07451923076923077 0.28716216216216217
1 0.38100961538461536 0.543918918918919 0.10096153846153846 0.26013513513513514
1 0.3269230769230769 0.5591216216216216 0.0673076923076923 0.23648648648648649
1 0.21995192307692307 0.5793918918918919 0.057692307692307696 0.22297297297297297
1 0.2403846153846154 0.5067567567567568 0.026442307692307692 0.09797297297297297
1 0.5504807692307693 0.5101351351351351 0.0625 0.24324324324324326
1 0.9314903846153846 0.4341216216216216 0.07932692307692307 0.2905405405405405
1 0.8665865384615384 0.44932432432432434 0.10096153846153846 0.2972972972972973
1 0.16466346153846154 0.5844594594594594 0.04807692307692308 0.21621621621621623
1 0.08413461538461539 0.5929054054054054 0.0625 0.22972972972972974