1 0.3212996389891697 0.7644230769230769 0.1444043321299639 0.16346153846153846
1 0.23104693140794225 0.6971153846153846 0.13357400722021662 0.14423076923076922
1 0.23826714801444043 0.625 0.07942238267148015 0.055288461538461536
1 0.6588447653429603 0.8353365384615384 0.18050541516245489 0.17067307692307693
1 0.8628158844765343 0.7920673076923077 0.1371841155234657 0.15625
1 0.5577617328519856 0.7199519230769231 0.1444043321299639 0.15144230769230768
1 0.7906137184115524 0.5132211538461539 0.09386281588447654 0.04807692307692308
1 0.48375451263537905 0.4651442307692308 0.10830324909747292 0.125
1 0.27256317689530685 0.41225961538461536 0.061371841155234655 0.036057692307692304
1 0.4891696750902527 0.3786057692307692 0.07942238267148015 0.036057692307692304
1 0.5397111913357401 0.5841346153846154 0.08303249097472924 0.055288461538461536
1 0.10830324909747292 0.5276442307692307 0.09025270758122744 0.04807692307692308