1 0.7091346153846154 0.6834532374100719 0.19471153846153846 0.39928057553956836
1 0.8942307692307693 0.6151079136690647 0.20432692307692307 0.564748201438849
1 0.055288461538461536 0.5323741007194245 0.11057692307692307 0.2517985611510791
1 0.18028846153846154 0.5503597122302158 0.09375 0.2446043165467626
1 0.3389423076923077 0.49280575539568344 0.1346153846153846 0.38848920863309355
1 0.45913461538461536 0.48201438848920863 0.0985576923076923 0.36330935251798563
1 0.8725961538461539 0.43884892086330934 0.12740384615384615 0.6079136690647482
1 0.37259615384615385 0.2014388489208633 0.09375 0.10431654676258993
1 0.4639423076923077 0.20863309352517986 0.08413461538461539 0.09352517985611511
1 0.5600961538461539 0.21223021582733814 0.06971153846153846 0.09352517985611511
1 0.6634615384615384 0.21223021582733814 0.07451923076923077 0.10071942446043165
1 0.9567307692307693 0.21942446043165467 0.08173076923076923 0.12589928057553956
1 0.6081730769230769 0.1223021582733813 0.06490384615384616 0.11870503597122302
1 0.4855769230769231 0.1618705035971223 0.07932692307692307 0.11870503597122302
1 0.7235576923076923 0.15467625899280577 0.09375 0.2158273381294964
1 0.21875 0.12949640287769784 0.057692307692307696 0.06474820143884892
1 0.13701923076923078 0.1223021582733813 0.055288461538461536 0.06474820143884892
1 0.1658653846153846 0.09712230215827339 0.06009615384615385 0.11151079136690648
1 0.2548076923076923 0.08633093525179857 0.09375 0.1618705035971223
1 0.03125 0.11510791366906475 0.0625 0.07553956834532374
1 0.038461538461538464 0.046762589928057555 0.052884615384615384 0.050359712230215826
1 0.10576923076923077 0.03237410071942446 0.04807692307692308 0.06474820143884892
1 0.5024038461538461 0.05755395683453238 0.11057692307692307 0.08633093525179857
1 0.9615384615384616 0.11510791366906475 0.040865384615384616 0.07913669064748201
1 0.8918269230769231 0.09352517985611511 0.055288461538461536 0.08633093525179857
1 0.9855769230769231 0.07553956834532374 0.021634615384615384 0.07194244604316546