1 0.30288461538461536 0.7129963898916968 0.21634615384615385 0.4259927797833935
1 0.11658653846153846 0.6696750902527075 0.23317307692307693 0.5956678700361011
1 0.9399038461538461 0.48014440433212996 0.11538461538461539 0.2743682310469314
1 0.8221153846153846 0.5108303249097473 0.10817307692307693 0.2563176895306859
1 0.6598557692307693 0.4729241877256318 0.15625 0.4043321299638989
1 0.5396634615384616 0.47833935018050544 0.1201923076923077 0.37545126353790614
1 0.125 0.4891696750902527 0.16346153846153846 0.6245487364620939
1 0.609375 0.18592057761732853 0.0985576923076923 0.11552346570397112
1 0.5192307692307693 0.20577617328519857 0.0889423076923077 0.10469314079422383
1 0.4230769230769231 0.22202166064981949 0.07451923076923077 0.10108303249097472
1 0.32091346153846156 0.23465703971119134 0.07932692307692307 0.11191335740072202
1 0.037259615384615384 0.2833935018050541 0.07451923076923077 0.1407942238267148
1 0.3701923076923077 0.13898916967509026 0.07211538461538461 0.1263537906137184
1 0.4951923076923077 0.1624548736462094 0.08653846153846154 0.1299638989169675
1 0.25721153846153844 0.18592057761732853 0.10576923076923077 0.22743682310469315
1 0.7584134615384616 0.09386281588447654 0.06009615384615385 0.07220216606498195
1 0.8401442307692307 0.07581227436823104 0.057692307692307696 0.07220216606498195
1 0.8112980769230769 0.05956678700361011 0.06971153846153846 0.11913357400722022
1 0.7211538461538461 0.07220216606498195 0.10576923076923077 0.1444043321299639
1 0.9435096153846154 0.05595667870036101 0.06490384615384616 0.08664259927797834
1 0.9350961538461539 0.009025270758122744 0.057692307692307696 0.018050541516245487
1 0.8653846153846154 0.010830324909747292 0.052884615384615384 0.021660649819494584
1 0.4723557692307692 0.05956678700361011 0.11538461538461539 0.10108303249097472
1 0.021634615384615384 0.17689530685920576 0.04326923076923077 0.08664259927797834
1 0.08653846153846154 0.14620938628158844 0.06009615384615385 0.09386281588447654
1 0.003605769230769231 0.1407942238267148 0.007211538461538462 0.07942238267148015