1 0.4735576923076923 0.5323741007194245 0.040865384615384616 0.1474820143884892
1 0.7283653846153846 0.5683453237410072 0.038461538461538464 0.15467625899280577
1 0.8918269230769231 0.6690647482014388 0.055288461538461536 0.17625899280575538
1 0.84375 0.5827338129496403 0.038461538461538464 0.08273381294964029
1 0.43028846153846156 0.49640287769784175 0.026442307692307692 0.12949640287769784
1 0.36538461538461536 0.5035971223021583 0.021634615384615384 0.1079136690647482
1 0.6346153846153846 0.48201438848920863 0.02403846153846154 0.10071942446043165
1 0.2764423076923077 0.49640287769784175 0.038461538461538464 0.08633093525179857
1 0.9447115384615384 0.5863309352517986 0.028846153846153848 0.08992805755395683
1 0.8245192307692307 0.5575539568345323 0.03365384615384615 0.14028776978417265
1 0.9206730769230769 0.5251798561151079 0.019230769230769232 0.14028776978417265
1 0.8918269230769231 0.5215827338129496 0.03125 0.11151079136690648
1 0.8581730769230769 0.5035971223021583 0.02403846153846154 0.07553956834532374