1 0.90625 0.7338129496402878 0.18028846153846154 0.49280575539568344
1 0.11298076923076923 0.6690647482014388 0.2091346153846154 0.5071942446043165
1 0.20673076923076922 0.5575539568345323 0.12740384615384615 0.3129496402877698
1 0.25 0.5503597122302158 0.09134615384615384 0.2949640287769784
1 0.37740384615384615 0.48201438848920863 0.14182692307692307 0.29856115107913667
1 0.30528846153846156 0.4172661870503597 0.055288461538461536 0.2158273381294964
1 0.40865384615384615 0.37050359712230213 0.04807692307692308 0.2158273381294964
1 0.4519230769230769 0.37410071942446044 0.03365384615384615 0.18345323741007194
1 0.4855769230769231 0.37410071942446044 0.0673076923076923 0.14028776978417265
1 0.5408653846153846 0.38848920863309355 0.04326923076923077 0.11870503597122302
1 0.6009615384615384 0.38848920863309355 0.06971153846153846 0.1906474820143885
1 0.6658653846153846 0.44244604316546765 0.04807692307692308 0.23741007194244604
1 0.7091346153846154 0.46402877697841727 0.036057692307692304 0.26618705035971224
1 0.7620192307692307 0.460431654676259 0.07932692307692307 0.3345323741007194
1 0.84375 0.5575539568345323 0.13942307692307693 0.302158273381295
1 0.9663461538461539 0.36330935251798563 0.06009615384615385 0.23741007194244604