1 0.6947115384615384 0.7158273381294964 0.22115384615384615 0.42805755395683454
1 0.8798076923076923 0.6762589928057554 0.23557692307692307 0.5971223021582733
1 0.06009615384615385 0.46223021582733814 0.1201923076923077 0.2697841726618705
1 0.1778846153846154 0.5 0.11057692307692307 0.2589928057553957
1 0.3401442307692308 0.4676258992805755 0.16105769230769232 0.4064748201438849
1 0.46033653846153844 0.4748201438848921 0.12259615384615384 0.3776978417266187
1 0.875 0.4982014388489209 0.16826923076923078 0.6258992805755396
1 0.3942307692307692 0.18345323741007194 0.10096153846153846 0.11870503597122302
1 0.484375 0.20503597122302158 0.09134615384615384 0.1079136690647482
1 0.5793269230769231 0.22302158273381295 0.07692307692307693 0.10431654676258993
1 0.6826923076923077 0.2392086330935252 0.08173076923076923 0.11151079136690648
1 0.9627403846153846 0.2931654676258993 0.06971153846153846 0.14028776978417265
1 0.6334134615384616 0.1420863309352518 0.07211538461538461 0.12949640287769784
1 0.5096153846153846 0.1618705035971223 0.08653846153846154 0.12949640287769784
1 0.7463942307692307 0.1906474820143885 0.10817307692307693 0.2302158273381295
1 0.24639423076923078 0.08812949640287769 0.0625 0.07194244604316546
1 0.1658653846153846 0.0683453237410072 0.06009615384615385 0.07194244604316546
1 0.19591346153846154 0.0539568345323741 0.06971153846153846 0.1079136690647482
1 0.2860576923076923 0.07014388489208633 0.10576923076923077 0.14028776978417265
1 0.06009615384615385 0.04316546762589928 0.0673076923076923 0.08633093525179857
1 0.5336538461538461 0.06115107913669065 0.11538461538461539 0.10431654676258993
1 0.9795673076923077 0.18884892086330934 0.036057692307692304 0.08992805755395683
1 0.9182692307692307 0.1564748201438849 0.06009615384615385 0.09352517985611511