1 0.0673076923076923 0.6081081081081081 0.11778846153846154 0.36486486486486486
1 0.44350961538461536 0.5304054054054054 0.09615384615384616 0.2702702702702703
1 0.6177884615384616 0.4983108108108108 0.06009615384615385 0.28378378378378377
1 0.3786057692307692 0.5320945945945946 0.0889423076923077 0.2533783783783784
1 0.3245192307692308 0.5422297297297297 0.057692307692307696 0.23310810810810811
1 0.21634615384615385 0.5523648648648649 0.04807692307692308 0.22297297297297297
1 0.2403846153846154 0.4814189189189189 0.021634615384615384 0.09797297297297297
1 0.5492788461538461 0.5135135135135135 0.05048076923076923 0.24324324324324326
1 0.9326923076923077 0.4780405405405405 0.06490384615384616 0.28716216216216217
1 0.8677884615384616 0.4847972972972973 0.08653846153846154 0.2939189189189189
1 0.16105769230769232 0.5523648648648649 0.036057692307692304 0.21621621621621623
1 0.08052884615384616 0.5523648648648649 0.052884615384615384 0.22635135135135134