1 0.31009615384615385 0.7274368231046932 0.23076923076923078 0.4368231046931408
1 0.125 0.6967509025270758 0.25 0.5992779783393501
1 0.9375 0.44404332129963897 0.1201923076923077 0.2815884476534296
1 0.8209134615384616 0.4855595667870036 0.11538461538461539 0.26353790613718414
1 0.6586538461538461 0.4602888086642599 0.16826923076923078 0.4151624548736462
1 0.5384615384615384 0.4747292418772563 0.13221153846153846 0.38267148014440433
1 0.125 0.5180505415162455 0.18269230769230768 0.631768953068592
1 0.5985576923076923 0.17870036101083034 0.10336538461538461 0.12274368231046931
1 0.5084134615384616 0.20397111913357402 0.09134615384615384 0.11191335740072202
1 0.41346153846153844 0.2292418772563177 0.07692307692307693 0.10830324909747292
1 0.3112980769230769 0.2490974729241877 0.08413461538461539 0.11552346570397112
1 0.03485576923076923 0.3176895306859206 0.06971153846153846 0.1444043321299639
1 0.3581730769230769 0.14981949458483754 0.07451923076923077 0.1299638989169675
1 0.4831730769230769 0.1624548736462094 0.0889423076923077 0.13357400722021662
1 0.24639423076923078 0.20577617328519857 0.11298076923076923 0.23465703971119134
1 0.7439903846153846 0.0740072202166065 0.0625 0.07581227436823104
1 0.8245192307692307 0.05054151624548736 0.06009615384615385 0.07581227436823104
1 0.7932692307692307 0.04693140794223827 0.07211538461538461 0.09386281588447654
1 0.7043269230769231 0.06678700361010831 0.11057692307692307 0.13357400722021662
1 0.9290865384615384 0.03429602888086643 0.06971153846153846 0.06859205776173286
1 0.4567307692307692 0.0631768953068592 0.11778846153846154 0.10830324909747292
1 0.016826923076923076 0.2184115523465704 0.03365384615384615 0.09025270758122744
1 0.07451923076923077 0.18050541516245489 0.0625 0.09747292418772563