1 0.09615384615384616 0.6286231884057971 0.19230769230769232 0.5398550724637681
1 0.8617788461538461 0.7445652173913043 0.2668269230769231 0.5036231884057971
1 0.78125 0.6376811594202898 0.16105769230769232 0.3442028985507246
1 0.7403846153846154 0.6195652173913043 0.125 0.31521739130434784
1 0.6225961538461539 0.5181159420289855 0.17548076923076922 0.3333333333333333
1 0.7007211538461539 0.47282608695652173 0.07932692307692307 0.22826086956521738
1 0.6045673076923077 0.39855072463768115 0.07211538461538461 0.22826086956521738
1 0.5612980769230769 0.391304347826087 0.055288461538461536 0.19202898550724637
1 0.5288461538461539 0.3822463768115942 0.08173076923076923 0.15579710144927536
1 0.4723557692307692 0.3822463768115942 0.055288461538461536 0.13043478260869565
1 0.41346153846153844 0.36594202898550726 0.09134615384615384 0.20652173913043478
1 0.3425480769230769 0.40217391304347827 0.07451923076923077 0.2463768115942029
1 0.2980769230769231 0.41304347826086957 0.0673076923076923 0.2717391304347826
1 0.24639423076923078 0.39492753623188404 0.11778846153846154 0.35144927536231885
1 0.15384615384615385 0.47101449275362317 0.17307692307692307 0.33695652173913043
1 0.056490384615384616 0.2463768115942029 0.08653846153846154 0.25