1 0.8798076923076923 0.7715827338129496 0.22596153846153846 0.4352517985611511
1 0.11538461538461539 0.5881294964028777 0.23076923076923078 0.5503597122302158
1 0.20432692307692307 0.49640287769784175 0.15625 0.3381294964028777
1 0.24759615384615385 0.4982014388489209 0.11778846153846154 0.30935251798561153
1 0.3798076923076923 0.4568345323741007 0.16826923076923078 0.3237410071942446
1 0.31490384615384615 0.3776978417266187 0.07451923076923077 0.22661870503597123
1 0.4206730769230769 0.35251798561151076 0.0673076923076923 0.22302158273381295
1 0.4639423076923077 0.36510791366906475 0.05048076923076923 0.18705035971223022
1 0.49759615384615385 0.3723021582733813 0.07932692307692307 0.15467625899280577
1 0.5504807692307693 0.39748201438848924 0.052884615384615384 0.12589928057553956
1 0.6105769230769231 0.41007194244604317 0.08653846153846154 0.20503597122302158
1 0.6694711538461539 0.4766187050359712 0.06971153846153846 0.2446043165467626
1 0.7103365384615384 0.5071942446043165 0.06009615384615385 0.2697841726618705
1 0.7632211538461539 0.5161870503597122 0.11057692307692307 0.3489208633093525
1 0.8341346153846154 0.6276978417266187 0.1658653846153846 0.3273381294964029
1 0.9651442307692307 0.46402877697841727 0.06490384615384616 0.2517985611510791